7709341348971972079236873571614672363081803579907493808220662635473575255898775631302071425
52619861791144682986292816743369274203031848288801527786379631258067028745464951219183466272043638976395388546903655987337816017807983491659302618041130511265446736556307332499535829502120886599707943515892820535929990773718147133457317904074560678419562810469321669802605192080527134562041969459128042988323334925364530053893470865908475246663921102082877795851997429693075336747831722710350380670857585141678666261699692882589902526662993076494916009264737562958568900
26659035692009472104439427279169557465814500639129883746283059643226008751669191781087510603370205849552388003482896492316177092629046100417042226846635003643684358184955909523270469121906601226393629381445893501468359000217372804469425109169665597235638000
161398543672663369749253696124221083899221887913416736006679039466982043820610837505651800815907243557003339078445143798662260949800567199108281897049849454221160403
550011569689999232476534982036569852474051616309770231671094800
1052061252563334631421472631306373573165332245543314097197955421268002179099706460168505710247141062926456197594614848732978128249258058506643220193622335952625341069356912278825431226282541529938293906133261654731993080726571977327340019495414043871017859536515870234115391280268686870183904487866615653018176116245571578226291098295528830875585099072763774005689728446688370055404231015172180684169991545960701895994538797821773207398289395373823316189770300074985912928703667819683714112949595800
475331619828096934058308101824403778575921406268146320258088186728223158074411685049520927032494134856641087563674995676574593496402345238000951808964807930222006471619055821992346828368287532135214110770563026599426264158138935209912929609962956058720827501557788500032575792714875589951710909563139582281529853565407209525889190780845284598379898483610695074701300
987230337573085593818034365127332021541748917777582791092811791518594655147476382962551507514579324299775138527072825522617542077992232974684605874705618011519684826140764314864343055293219288507170384025664605891825836675651568254800782500190363717291055811512606
9196672535744481342736718020220400770067113642876386060860715310675946261076803826849436521735263124722646440767300606562194209362215151637299638591849169133512486793325579182801498067500406001824721872740819146389195603073522390133236841008609556635496748795940073124324656004086917589638135159795603402456120082451638714076181895803023412487384355551635398000
5496371313741232776734718529017040270416031136064629550986728407062870792623001062777580750995425717386793086390869212419806334324542566199816132312239797896997532140271885873342613434974205067980119155236999588096163177375148952359347293362579460800
434617040422166654920804973423077848748882614835629105131041871292589865674860400633591793993527847537636361027216393
458597333307089777044742858231467290929187338594974483887886415315284930982128526877146756060183829951903916306188511527934255749016517866900643622625612514084265309538800253203034354912018778223730400052532670227954797599271467616783680822650535143353101641286881932569949641053709237405049710528485119445828760792930640413013516363156452011897990617059286049476759036738033368223744787828725398494337387542100
3798592091316099155466432714497715431372591648665877028135656569188544029600
093704709840423286076928601223608464747447969115259722725053801349520351271721883353941455523298367672306757640174873530633448490476340104369904278797480984938696258854436730177255238399664229021358501136
8331548434604701197625878033987710697214864611196653391841428293574509756648308037211632665126401915173640211290098551423121340372734057042483405662734508845630666498114650112720618986987140280322916829878614907109270559471271807792814231347987862755355905217811874093989959685492421871613128679546997277699890517616579661909711098490120392929227004840791023622425088761630257153646491869038625915836296056188399006053606914093008819558212627215209956465026021443065181907230173430563509273
2947515718613592732915826265048489971364336797939524410418243777804222009485277109618090506516281037165720181718714796218543703041891964785731156785815113483946677269542582553387862385717688838882144260903885451170958174424500213661478354640724613474854713618125532154555354002144267815739865185614131565285010668262324681053717927374011719370920931242127822785359399409983853465583705392494249369318089949300
4698731500968448055587640115029029525615700517188552933510059547960274744060400279372943999280692331935187145941555954849826096953167426975389727486668057421413369998072073420431349572464948856411304994599871377004009925004864469455562078739633996405555449538704481976602854069974951034177961
25191680947473644533522235888722126893787591127669337229757895724584491942245778849265228725239335187436386178461228934334289523150089750012034890015338754653268712089828933067717899115669017074055593168011311659269662815409139374518709749627821338682801714881903160785477606086442423234250090595283300110287060895710640049540551344693876082188095015424484303992150594625312890502021514962840364828968180483982955728639838229559777400
1
554948430116262583554692166492122430237468804643454437504400576482249685752161526861289874547839918514827125441342106376375634076334031070734589879191211124064048388564027199338255124730389255197829082528695747334854745645914673876885265396107539312303137389968365791437542018751590851236502893457473159540013607500376365125438766299137771996404701260798523268748724147607571412899405272307013697118531116597757105659647088736404681482311730011776486502837400642574886411145041767355
9420862799385742517669175912687613973836352545687419227915658227028610264937831291393200084823986224136983518581702703933785555695488468529018847348017009889992453460210306354187055993605138331360417910527557064833231041899391415333792500
305817094137870462374264473301807937898286876409505840483254044755204988096322070336599579749521566268233850554313966827686223383951363411121845165286902034691416578238172532198002638682886490200490358782369953659110284192599811395712210693585503015175235359083297504696169650609449923022475907012924320700812149876794491427556975017180844081180223393831199287686311190011921476364251190993965899808689334800649090492939671
6249862708928677839599039145099355712555445895157701862182443207237480577693596044915842901677213216219890801802370075054138215630832804066354545483921139313818435171424239863355519157542231386355
5894985644500524865627669290491303213206004388943701719538404652150024475379470303457007897837532549550908204530183755236488600
0104317308000798155338442738987821916187402290519747544650822348135740188472358807853309854663501173518780622099017333715519607527649521038342381785140376686353458248261948753313021538622390774646983970333554381427586047674035500001431175311943600870163136564586226151146408791483529153391506028992224488633932630131011874892749205833200468647141722112191389544391999700724078004396849351795777789869849875882580568115332777290497686235311661829721193211705406438300
614098887833440377725824606241760113890225491720884210919948723383855802451285481348414860859585001097241040183761566221257215482980538082171190953447108836561176718886150109497605304256148153247747316715188925639509045719206491115760134330581829376922887244108642648783281942202173040516422211076718203477723286048671260147375180800
898659589282487065405943808148406203973825381439326923983247953441710322955970074579420779630454481177246542005576442007022503844225864975348566470041330741792395128256515390774521748904566278389080909900891254724310191535461909824067246524112397696682100881062728214488131909992703577145647895299525466404497775584736946417880509668755048219321480492355420422289097958909085199139625170136751614276397973195809149425624600141292987714106966277019224346900
417116429642420747906612648811445457154458506384999566250831693624828820209221839561637050887723632185521480680776489390500151323671368168603485869328350468184729599312869723950805683914167353485207622858679230077730968130875448617601575778061030935064807099088380212673126071257537028393959358734362401248037733917457168228284970914523364209367463189811549170522872667773170452115275446221472112739825344371372141483563687539626720378920685377
818156023744230374922113575056323794105630643817098057343577245303263578982796164775638603678680553542499762792214954535063445728867246244111475616052374333787668971857814062738371527408401873164813901329808042119672862505848230086857709398802878957126980511245266185786199041160878368219644857742554944248642753776592136602422528482200
35736427395027559420484952936167276831217386866492188860172265690463620182530492358707227776432157733629219626638537440741272467999017192810479133733259081949307633026520842911934238885827854744292252425577599498616817685098560024599985202885709994606247206486679213353187554159141678140717538476480967967918468277788443867152999611193067386340681653781411376747316466622159300178982408678074901340213918111480885693954254991599225001631482659694876834301841914217058862014260534997
291233910021360128600
625512577464033686235161948573231776546732694625144303823194480162763136493779595704799079298193808108663574620254536732953844357700251314725021443065458058964654702998399744069122586959016686044737121903008362392516186507178905733484042457051730297551102660375883615393704145427260184500
06477322692144061735740737088250513122506608500929258019844106363161053257342652989403200869588407548103832278789744623702446230388513837634168541353302754528847139483830727305982653438357700
904212484468748754209954101320547442213921341368926374586034222022093219688102915276178599760
986245627084639346638234748502541893814037031816707374028738880326813345505506246576701103966341964537254729411144746183267173260588508690907176681621416664707624342224865037942547643777728338518301170730052691558328289763944292289573216136565866495878380052984819182990758897937607984497874867928719120584239968110327329547827647915756959723186441513322292042788876381146087819500
702031206513695145200000007016230824977804597205948960705162003864326218333184819706434017714739713343357936158325379261476153266261961140092181666492759448636858500234595609939355864669827369245280304389224716168802197108106587179735074650083905574463454078969879566783308313316223566153123124144389166715098666398189283521947143049513242587137984229484774470081843100344610630639386242939414581658572947789012694913003327015638
919700
85001130259336926119582170876398255168601754205122000647705769879764159862554396105156183869963974515378929137174080772892787160124056684576450503717296870805670287273670384208417903693039540553911328303244330303811075868688561398096474745274818362143129062107193895544321409131502999710564674540598969694219264735662420073588712623013029832188007466394652641165187080796200602418800
07155136589915210698718073204570201264235548796915084309509662352854123039982869676439678558166688642667683321570716400675237180286873066548350526808176313160009914714360819550174065438529945237241569422418978100676666199655050959010830409269720217760767994789309353816896161404956001649700812858146953111725762942499861378207406994828342715881732919553588556537355274925741397481288545070901149820364062799904242549210100
2840650339339355078410738744861696486110339071424082939809054847205822927276088481334581506901004070989507522988901618178092842575301566925208060842341479660363108731624569448955324903691962690565437204280365310540620287797762932819271266992654822428972037593362088682765882104903990900
00121276589359538978080426775008560609927325441227646221988927574607470828326423547185725561375507239792082870596166312328686308543391104624880462093294330372613881349585805135890629204946052139597639649080078945411360213598962772553682849125564834333176944906847810575266906286203951139641622186632750189314864175412054969540643545156602421209384805692354133771855390970551665364939933214574666459718027141889994365224234560771473368341802082971474919039935445681554054527176
094234109255756521137365514582847514702659507737167406889989624653950074620812674
3050721940682200434273900159302444309073945679488690634961844180087611583542678368508200
42674679197528224254505635066065151922960879746395873995420662364935214563147661237689444093557295181888891958060143789599518725693880763588585679022133481229494582958701396691623029480995081936623099046946828527889007887050618026117504461
811386893334660200557458231445963798637274157632601295691762049338169650218534536048140210522171747445657699904466264318963770706064663001828634172357488029641596899563431549572012369266520773672212744811732899912906936372283204336084492889332904019052347257042362818288402802
21057251601173880079674846988511958466403237188284025246225116950457601521803711470484603865481647322485469755992381306392500
6628124897484429033336123838589000891502108667804622044306611627325887433534933806043394284610845
5435462766519320056606498880473364155910140244647195568237789509518061423970945620345946736018757664393084818146697701437719739754594894389146906657726692945995127027125670567404051955
935570515108202754050905779122881109987031288002403759570020191842243607578590182629593954921880008019650155649270803202317450758181895455584224565098183116954659845848634206276415300
622618605981290006918497901129742382023741030711382950990606714180854471298079800
8578462511239975584090392251588344572417815564143379103659445717163185587454723612085224865540380911624516237118194103048714751041562208073284400095431368165262841167466772234416066340431065698258108998416311661667123091045808754748044672856808195580168812361328445865251979856584519719876792391940657476873511233739947276577267046940498280152682119893371959512200
3367345781223036455832412421249963668768592699549316913872727220784925061498673542700285617924588038921910767487128310165875133477161893750904787866477206152653018902227335486397736805733885670172347670014899610017230519371
34867105402583041702719538318127152348599731849635984804828469593175905005762806986708394933324551702131157505515044895324369299989988311165466038552725467
991306514962061949700315266216091935158853192491357855997748937078869555736112457688118180726359472483976278863383174421536605466374067058859564759795515604964917699750676064795602
57972352365446353799556134843433213525285734700826975596308719700232446753780383137294369973858784098832241452991751261145191041146849265642127780716516991955206690276124393356235407201300806111349256660496073
41302492203960579859991998145519676116113829902426911085152526734460659607909636070180722756765951874165600713236413715678570515832598221378926108293841848811256508078838775119171891506671794402245581116146856907410485279497004247585179665929706335876197745190453944764066463783231713342738960124182972579264125050558765907304605049254484944107765345745253
0733010945075288701288653686849725213667170604801747034510906772571491522669045845736506340032188061167058381826433423292804008339877912776071625179480317300131203952216468713375470300
350979969934343288855024069369489594817206147453034929608
82526539493434567769483118307170809392395228185269822983680378727438292413887621462729156482693967423241525467606217297154506986650876560566775940547790237093101595052814590087856907630945753240837907514096594799911395654774843596806185974002577535011784873725899966181121858658700
29637152864966524924347510932885203507444066649553161876277644047336821916082077756366767308073499655498027823732487950588749447201192117032334040484392947175201669852385930862877434912159822488272405517608696425351395037451987755850821827295811863227929585860807035830946799673155094436900615190148531861207231671218721978054822815368924770472285522637
05513970300572047163830409685093252925548688402013603906221445096740301815673268105972659090461811808635314736306417782692872439852815837853839295438178049913345228892974925305144629113319577992717716101954758129014839699272303811472635640145841513754888977004371992131508512097635367830313564421244714777774854098238162438486448894085721553997476571379495581288051119875800
95947651621779611006493434353275755217155764074355992323645070253671781174701161406000
228818294768121687717482074051398976874638063152356740518
6891394485329287621218901319582770057463700276180714889782845698688575944788173750818539602150542786202615936848025008838084680955667171491590497103920898419219837375756604997980084915203916742233900196597167267832568398254028554067604571332981980614642018903800
02858867258630974186485467003820942704395236950811921651578999671591717540969830453070328058747834874358192032677700297313837959392379008064898447172120001670797338749417610097515697913338488170082073646849216676413510214388709173682271209711851772244979501651617954379633244122880636510736
23489157493813625272120707301860515548238704582486757252655029062916621221500661002508343873052111771411874730300895475639223659737031143963766043894859907051112205526274372870399490399537441911603503087642445699326277322079858232885650234043363376787097785426514095847997281236293681673902717103502756487144367111423194388713844131779831623078305013697844116721821486880142066769604558831175111150007128889928677466576177656997768462790556451557824574002451835967910193388256401585754400
068877482174744818151116155947493628189732717760725808463330940967710071648982281961326108898842787626171072756199649104341703180126136513859376487723222380910264975077798187582376013524670661188887323468751304293566819732501682078068926747273652976264938144897899094033448357784128566762009262857683204680462995803854269064624758645281453182274417543450833811950887761464430038842983288124867735569
97069068850788142211823828561525596026472418461493887258383032072922213388547064881709861889671821902192675317486234510861628728206906363606776632822998844047537695606583269446134777183751624775373985278755463082132481795462864796685715473044743879863796218094695545558873195337336680814816949538389993657819103252487896032961748034288817689199696628288710817860243844884247066728589614787168369215591840222768101716116937345982028798569726318061562472500
7808280962273263876726714142930881241600825817337809069499464892312256181937335370925333347272067428951600931735563573040248830682983114577356789111125017193679699440354480801177438841863561967800695652360564340169317741782074527821483305465
1517
41434008912519534544340504400
896623290043982077481232701259651698280344544018970343116786391355144577598462427455328068619445197442994292564278581688435481750932972031612556460245315295156695145664015158852588604352820896727014877964129903999651182400473758982461119948579539036131527
8004577000621013100330513550769203651172121939444863915323472722464900
800750821792464667817370314253940399804912902850587871203463093089987247122087712897425374511476687425926886162698840109530888846201199067040607602796181888468039171811705637670297840297273815324484057488219605395238028435498954696568536111068361870205128835308844377573514308288192357414493646986710506180028205596372656597695259980722947148992211004091823018893739041905033757318518373481528189770220104281943368599988569822142438754489137899681616802398455047626206679593608205894555
4029127624824732946437906466684325240294680980842427983952015331973720127878490086718282257106621646275892410717395632483124120681551480275669452536328927448855952462388153682253631118246477852533004747183452014792859288926288768625703468314832967150
58710382553403810612801000
467437546955299742377674938098757214019472327305275323139167722860899383358322075984595416005225392271619805042046269459631606195990971033997333590836175277405993623771263807127429602642204354291428335569262473060695433852012770194221573261368049222848771999894246547544888372509285400
17923653058696618511221536055726432694735920720301747317790305870676742531176205621246597159692819299292048740534604451025747335132701958609984463569135911818336266250447431365244503462532
17585970398738515696256315044341264209592175670403758517111631645668866891437661536776319953726735286724337334603803125854663580996901515622002806378148396387226443782743784301751962651416352582331037768645675242992863988207230766594234180551886841376780812777338850805387636713211526458640507894140961748506712812239656736062832735113089364100924888310144832677998333042103045586800
59598819795672548373325686745882645588560968307473640115388666812854114380690551492835497481773339465807562140769082042289862502409166649263900894043578961902836168487410510415529794476603117168094173926824101445246344901360678372174795694353109458156294953619998508721878938083139383589074552784527506676385583193
7435086548602671668252095436367242503332495238856725213680553386878047101296945190221533781415726761591699864764341882666303838442200850469287026691094298541284617581212058899366927334744706407345036785324227252011546477960278142246041925484449332605684014202669586817579684610123286961607064481277597081703309146137099790497474
264115033017150332402087993713160018717636206994380061209348498435079109665464776568577833361772500307818660669269581456457147495273033154561754775402126700699851501996023275964400916795696649763745350817380866178409230507379356071348788221260729370724524384054653485762675262474703474694956980627158688916125058054157335494330127064383265231412295835861090694730976105532846326622010043331407272611775110715811164552927684204409622756177738343574395044197595616753929313400168785903265743635164100
3013436115301250586620049874349843429363312743059453944326900
11515967934754437213264286429811719532734239640822409441995361617180284098835644034205490041834947346981535753534167058448328513370886411908004425860221250051571096167895519957965566597311454415906390440413520871055565020035558042893509757869923419083863828811437615996535607876937775328180547968760433274200500344437463766359592666322130868224732558065732352118105192564692952253088806839636379427795845732527517938550343036305823732994614260858095435823800
252597847050532966599895437451896817021485018276498737380597877207067524285771372025862565160513364969407652833725058790367835327188765025707459657118195811573817182606472744882248157415626608101017785575100
044216804968066408
486580180189342274918356733232092561914125094603460039115612003877720623237946452686992147599052329519369094359597062167272875232623522566462769965591839507456969907319791688946712792275331875832137854354168480921334837276779216840840396972769838164295696374794392688221033672346559143595234529101257788984693178185494368659501458138169636971620628491393369850497440033191740633714219543512632645934226577851912061398750654600
601006083357775452104584506316969299587767149958722771557681846202424985808150194224461485295484111530089094318687311026965374102096889357559199965042885427672569495782326623476430316088314727714798303365906726417497593941208042259435280869
859865046708825712
76833316273288577435354907807102923723465909745609759835776313144564584781237337064376986818441592548149522291038442558327780068239439297490412859279358521594351740480410182031742198427099084234497462506100614167160160519275785002383519284884773336648905236344751269945678973264521612348437880523795728507817353554631486063529519934987023373974443164115076896928745791467522096981926650835724783325381640514545379201361177507073571409874016566095853501257284599240055192436494377442965798981662310
723117989316112779517462874440297608903383897243338856873937849823162404695892095362542000465170777326286736402305432681118200647701611033283206359898173534833650472104311971366921773492688928621575382309865703899002075833133690928554863349271440829700676569907693613200011188207884362636654903208165963841400892486315841424821826873690161474237874467037256440223695993522032161891054790303292629319981542845701042042704793759597
1908509297738627222069008950440520238797910450980120698921742438180034180019387
61042038469027150588705010534574701875178494386737751024630178467697539556440832656709246206927398596804954589319429480001841059062870220749685597976085925960853629661300
249436863590130632335330160822969730408721501826913401704472166690104481061881035835766683874117326354592013003318410029950433407335568637867522979978020935891251162940966611535103542491200706011637905348781955463661685675236120203393525379041573893835003503528381187488674832892907639084085469947261977029138252363830713709222586702511716973178191261900
5066798803383814011539721502142555036083678560090208007844596728550943474912032381468627628757978551375639976176866352616736544741686199695525467127891986733319615251262858055241550939553336194815190126403742852857847695248155841059196449668352926610132851150561053756107562299
30411724251341131955673700735154828718171815054178351844056616675034768621159330536171214942674132136136338589099192788071512729633603430454764687149065820997596984177689630982940878750543979261895544580827054348605449519266228938059243551651186172200176924190970753245015667193618989917873909938471353700
5806141627008459479652024079944019321817092975305427234999559610175765077656658704785432039474522387178601057204881125313788091803027263485835387235493693661584025895072183278563749397435057076036254053361481445876939452180432431922918947333781181551037881192328401300438521502914393766643150664045034238316402074825246209706928388236869329108166014121155016503594889161178387652706013
1609331723146545252529520578789732584678610331105905340886321941260633302633297253462326188603276041413131306871264494728651650963357245161512132923153392373001772400
950873329913348032492667362083937992823001436062874596333603565748640213725707899396734779018616299138872344949206076100891419139079254306252535201176226604909599053518479514723180774860801128025121044005794255842049153276172964313635369618871851689195228077759338616778489107682427070957921593297689038082934930459822159205272964392635158168417677980365460363094580157444417899839347372793062770113935193882448877218696074314435750301912970732422098480451888700
5547927932392048181102747651776203399666549610299659094727435063492590003247839346147067922955837077082373220657302522900601665164161717752886558874206007463851707280117171828376575689905596437783741447210027134831941625511522954682141611150663224511958679806251668882530942413887943390798019883616480709471378128738349103103148738245272229013901104938069273006427088
0120632961000585650558222567780265016666944178203268238436371060125783397796303587845324476276333599200457717594064312170312563235603912293006892086155769828444742062150117713652784318696232996983092727681114286680416616742362806803208017206112659045439985
5915999984377
77443314412443754262850926908688728048737131405501053747441513264803777570271321583962342883349403781755333576556204168822356569026728394689939036566614978242169529031924322024784620504851878833626215636758483101822171985353824131633295419917352049630408526968221035032672122294696039790356842985323460186817220408208521559015917765033839043103931116240807140880539579390699994557485345149349759600
5374706350936318337789216902358883927132858927792404490029544876429204725064669519871888443321863744102524278483046658310297797021191430212088877646241368002322416488725635504745819991743415007661098354086361849519808547020214409954793392731689606495532800584608071898820350692738437022905553898427933839876876622073648056681547835126984368
8297388592589998065620178447421302518064558227229765668376973687137254656319425454570387512988697755341978486666752971294554542661656200385015978964343696299620790965192705963114797811592807053679820850867130263698564951999426411962508485101358047214199577157587540582063945571371715165851301947904870968940340402411348746804696878802082267452381429442510401367664375386968411248455375480295283536578682204377313301104423440864699900
9955812446771856502694755334718579682636795256748093624374562179569512692753280971664041200547671497130940889190929424229141190364742999706444128344
3259387853628549725682521350422308872123366017929684928867239907790771216001721708462351118966493932083833315543331784126073899967387032701460611555212666
2648481335905245606260925579120130946878595207800403419378290567933777818184289470410470336855717100966234773683876229729975333878090322875787830482727156953477413854079397919165660875219816122828613336731763596607333278273328716595640795969134847166
86135074983379900580179142777044045489495396508093796267542291864200
2916596896014684518572696327527652486463045266933899087330694934209501382
278549393341172400673951897310049236485427280970829472711286147311699136294834354294047147766120255115915063131171057202257749644162346482281742903142787182431809787537736738370092380738516830388421138818552291065123253288807019812949471590215911569889138684339606692643587848238470446870843923810115303078
95032581439805455772079209014660777508983784346948888313373720495202214351039015651602220363093265358355422360630974000425915181503825260778846727734669307092384975761543644143665163365231891973127583037761194530
1079314737866700590609477205234652602100308539946262685964753892092401600561879600
3200507524760381398620655909874473083779100396238870322800146629607862826882669779901790674098619664339845592154631452940743521178984957367292267861562774333595879856805481995213127077434648416550830592082017892385659300899161521125331493196791423965931756494565963994774570106103443697168731968565926289529189619787765840495586962985141278096933630110574939102791962246469043909743352814537735080880947297251396778711041190079206396547274020855652270840293019790418661936678
2379434676595541486526783521572321331679740914940374081944569987856131163165627324486507231190680114573123971772896267328700797197292974113211999572118306986918093791548814127717031244721823235029963180634256819992
82674769995231904660599196
84611058051244211415170931507949829050688828737240740742245104943959023011316029242844089789076822769523441646031267690479862477107966323850099608751380117769779707070168378948637523020114524797784482007791643409797277858525783485913592387642811894324742379890072966539077387617335512295057709443650696314875228269201038960032704707036886549409007063950825723777475367593333184213386020306129616332005437158479545065826359274551170183789103811784472668768690758965113
171683041008985595389703948015365650401498050162698279844460934357357321690681273552029248410808481130831909740209111810998060003967723011426980836618594136043192544159079420259566044849987201438913287401753122895276142973696631003454008815404286568277138329031200278439222
1681823654110515255939116285848925283532721555093911458038739536862556474524752194058898499562130019063907075033469125700381500037109147430464737263458032219467848279797181122033587212219756153408471563674540518026204979448580732626242409618279601165811850505007817705314600
2803085365397976878993269616551799343967199645172218406183169046726438
